	Free 2.c3d	Free 2.c3d	Free 2.c3d	Free 2.c3d	Free 2.c3d	Free 2.c3d	Free 2.c3d	Free 2.c3d	Free 2.c3d	Free 2.c3d	Free 2.c3d	Free 2.c3d	Free 2.c3d
	RSHO_Angle	RELB_Angle	RWRI_Angle	RHIP_Angle	RKNEE_Angle	RANK_Angle	TORSO_Angle	RSHO_Velocity	RELB_Velocity	RWRI_Velocity	RHIP_Velocity	RKNEE_Velocity	TORSO_Velocity
	LINK_MODEL_BASED	LINK_MODEL_BASED	LINK_MODEL_BASED	LINK_MODEL_BASED	LINK_MODEL_BASED	LINK_MODEL_BASED	LINK_MODEL_BASED	LINK_MODEL_BASED	LINK_MODEL_BASED	LINK_MODEL_BASED	LINK_MODEL_BASED	LINK_MODEL_BASED	LINK_MODEL_BASED
	ORIGINAL	ORIGINAL	ORIGINAL	ORIGINAL	ORIGINAL	ORIGINAL	ORIGINAL	ORIGINAL	ORIGINAL	ORIGINAL	ORIGINAL	ORIGINAL	ORIGINAL
ITEM	X	X	X	X	X	X	X	X	X	X	X	X	X
1	74.22	107.49	7.06	36.10	92.47	29.76	7.18	110.29	1.17	75.66	42.94	-10.98	112.34
2	74.16	107.73	6.67	35.88	92.51	29.67	6.61	108.79	1.40	57.63	43.74	-5.47	111.15
3	74.11	107.97	6.39	35.66	92.51	29.59	6.05	107.37	1.54	40.79	44.49	0.08	109.99
4	74.07	108.19	6.20	35.43	92.50	29.50	5.50	105.99	1.61	25.04	45.23	5.67	108.89
5	74.04	108.41	6.10	35.20	92.45	29.43	4.96	104.59	1.60	10.24	46.04	11.29	107.85
6	74.03	108.61	6.09	34.96	92.38	29.35	4.42	103.12	1.53	-3.60	47.05	16.97	106.83
7	74.03	108.79	6.15	34.72	92.28	29.27	3.89	101.53	1.43	-16.27	48.39	22.71	105.79
8	74.05	108.96	6.28	34.47	92.16	29.18	3.36	99.83	1.31	-27.67	50.11	28.51	104.68
9	74.07	109.10	6.48	34.22	92.00	29.08	2.84	98.04	1.18	-37.85	52.17	34.37	103.46
10	74.12	109.23	6.74	33.95	91.81	28.98	2.32	96.25	1.07	-47.01	54.45	40.29	102.08
11	74.17	109.34	7.04	33.66	91.59	28.87	1.81	94.59	0.98	-55.20	56.83	46.26	100.47
12	74.23	109.42	7.40	33.37	91.34	28.75	1.32	93.23	0.92	-62.32	59.26	52.31	98.58
13	74.30	109.49	7.79	33.06	91.06	28.63	0.83	92.28	0.91	-68.07	61.82	58.44	96.41
14	74.37	109.55	8.21	32.74	90.74	28.50	0.35	91.80	0.94	-72.04	64.64	64.68	93.98
15	74.46	109.58	8.65	32.41	90.39	28.39	-0.11	91.81	1.03	-73.79	67.83	71.04	91.36
16	74.55	109.59	9.08	32.06	90.00	28.27	-0.56	92.29	1.17	-73.14	71.44	77.55	88.57
17	74.65	109.58	9.51	31.69	89.58	28.17	-0.99	93.19	1.37	-70.40	75.48	84.19	85.65
18	74.75	109.56	9.91	31.29	89.12	28.08	-1.41	94.42	1.62	-66.23	79.91	90.91	82.61
19	74.87	109.51	10.27	30.88	88.62	27.99	-1.81	95.89	1.91	-61.51	84.60	97.65	79.52
20	74.99	109.45	10.61	30.44	88.08	27.93	-2.20	97.46	2.22	-56.95	89.34	104.31	76.41
21	75.13	109.36	10.92	29.98	87.51	27.87	-2.57	98.97	2.53	-53.03	93.85	110.79	73.36
22	75.28	109.26	11.21	29.49	86.91	27.82	-2.92	100.23	2.80	-49.84	97.91	117.01	70.46
23	75.44	109.15	11.48	28.99	86.27	27.79	-3.25	101.06	3.00	-47.03	101.31	122.87	67.80
24	75.61	109.02	11.74	28.47	85.60	27.76	-3.58	101.31	3.10	-43.84	103.97	128.33	65.48
25	75.80	108.88	11.98	27.94	84.91	27.72	-3.89	100.90	3.10	-39.19	105.86	133.34	63.57
26	76.00	108.73	12.18	27.40	84.20	27.68	-4.19	99.79	2.98	-31.95	107.02	137.88	62.09
27	76.21	108.57	12.34	26.86	83.46	27.63	-4.48	98.01	2.74	-21.12	107.48	141.97	61.03
28	76.44	108.40	12.42	26.31	82.71	27.56	-4.77	95.61	2.41	-6.19	107.24	145.64	60.34
29	76.68	108.23	12.41	25.77	81.94	27.46	-5.06	92.67	2.00	12.78	106.35	148.98	59.95
30	76.93	108.05	12.29	25.24	81.16	27.33	-5.34	89.25	1.53	35.04	104.88	152.07	59.75
31	77.18	107.87	12.04	24.71	80.36	27.16	-5.62	85.48	1.02	59.24	103.03	155.04	59.62
32	77.44	107.68	11.65	24.20	79.55	26.95	-5.90	81.47	0.49	83.51	101.01	157.98	59.45
33	77.69	107.49	11.13	23.69	78.73	26.68	-6.18	77.33	-0.05	105.87	99.04	161.00	59.14
34	77.93	107.29	10.50	23.19	77.89	26.37	-6.45	73.19	-0.59	124.55	97.27	164.20	58.63
35	78.17	107.09	9.78	22.70	77.03	26.00	-6.72	69.13	-1.13	138.22	95.81	167.63	57.87
36	78.39	106.89	9.00	22.22	76.15	25.58	-6.98	65.19	-1.68	146.13	94.72	171.36	56.87
37	78.59	106.69	8.20	21.74	75.26	25.11	-7.24	61.38	-2.23	148.11	94.05	175.45	55.67
38	78.79	106.50	7.40	21.27	74.34	24.59	-7.49	57.67	-2.78	144.44	93.83	179.95	54.33
39	78.96	106.30	6.64	20.79	73.39	24.02	-7.73	54.01	-3.35	135.77	94.12	184.88	52.90
40	79.13	106.11	5.94	20.31	72.41	23.40	-7.97	50.36	-3.95	122.99	95.00	190.27	51.41
41	79.27	105.93	5.33	19.82	71.41	22.74	-8.20	46.73	-4.62	107.19	96.58	196.11	49.85
42	79.41	105.75	4.80	19.32	70.36	22.04	-8.42	43.13	-5.39	89.57	98.94	202.37	48.21
43	79.54	105.58	4.38	18.81	69.28	21.30	-8.63	39.60	-6.30	71.25	102.07	208.97	46.47
44	79.66	105.41	4.05	18.28	68.17	20.52	-8.83	36.18	-7.39	53.08	105.83	215.84	44.62
45	79.77	105.25	3.82	17.72	67.01	19.72	-9.03	32.96	-8.70	35.57	109.93	222.85	42.68
46	79.87	105.07	3.68	17.15	65.81	18.88	-9.22	30.00	-10.27	18.98	114.03	229.93	40.65
47	79.97	104.89	3.62	16.55	64.58	18.01	-9.40	27.39	-12.13	3.47	117.83	237.00	38.57
48	80.06	104.70	3.64	15.94	63.30	17.12	-9.57	25.16	-14.30	-10.82	121.12	243.98	36.49
49	80.15	104.48	3.73	15.30	61.99	16.19	-9.73	23.32	-16.79	-23.71	123.77	250.84	34.54
50	80.24	104.24	3.89	14.66	60.63	15.23	-9.89	21.86	-19.60	-34.95	125.72	257.50	32.82
51	80.33	103.96	4.09	14.01	59.25	14.25	-10.04	20.76	-22.69	-44.27	126.90	263.91	31.42
52	80.42	103.64	4.34	13.35	57.83	13.23	-10.18	20.07	-26.03	-51.49	127.32	270.01	30.37
53	80.51	103.26	4.62	12.70	56.39	12.17	-10.33	19.82	-29.53	-56.62	126.98	275.74	29.64
54	80.60	102.82	4.92	12.04	54.91	11.09	-10.47	20.10	-33.06	-59.95	125.95	281.02	29.22
55	80.70	102.30	5.23	11.40	53.42	9.98	-10.61	20.99	-36.46	-61.86	124.30	285.79	29.05
56	80.81	101.69	5.54	10.77	51.90	8.84	-10.75	22.63	-39.48	-62.81	122.23	289.99	29.02
57	80.92	100.99	5.86	10.14	50.36	7.67	-10.89	25.12	-41.83	-63.23	119.99	293.57	29.03
58	81.04	100.18	6.18	9.53	48.81	6.47	-11.03	28.57	-43.17	-63.53	117.75	296.48	29.03
59	81.18	99.25	6.50	8.93	47.25	5.26	-11.17	33.02	-43.11	-64.07	115.55	298.67	28.99
60	81.33	98.20	6.83	8.35	45.69	4.03	-11.32	38.48	-41.28	-64.98	113.32	300.06	28.93
61	81.49	97.03	7.16	7.77	44.12	2.78	-11.46	44.94	-37.26	-66.10	110.88	300.59	28.88
62	81.67	95.72	7.50	7.21	42.56	1.53	-11.59	52.39	-30.62	-67.11	108.11	300.19	28.91
63	81.88	94.28	7.84	6.66	41.00	0.26	-11.73	60.82	-20.87	-67.72	104.88	298.85	29.09
64	82.11	92.70	8.18	6.13	39.46	-1.01	-11.88	70.23	-7.56	-67.87	101.11	296.59	29.48
65	82.36	90.97	8.53	5.63	37.94	-2.29	-12.02	80.64	9.71	-67.79	96.79	293.44	30.09
66	82.64	89.10	8.87	5.14	36.44	-3.56	-12.16	92.12	31.20	-67.98	92.02	289.49	30.91
67	82.96	87.07	9.22	4.69	34.96	-4.84	-12.31	104.71	57.01	-69.10	86.98	284.83	31.86
68	83.31	84.88	9.57	4.26	33.52	-6.11	-12.47	118.40	87.05	-71.70	81.86	279.59	32.86
69	83.71	82.52	9.95	3.85	32.11	-7.37	-12.63	133.16	121.02	-76.04	76.83	273.89	33.80
70	84.15	79.97	10.34	3.48	30.73	-8.62	-12.78	148.82	158.38	-81.85	72.06	267.87	34.60
71	84.64	77.23	10.78	3.12	29.39	-9.86	-12.95	165.14	198.39	-88.29	67.69	261.67	35.23
72	85.19	74.28	11.24	2.79	28.08	-11.08	-13.10	181.75	240.11	-94.13	63.78	255.45	35.74
73	85.80	71.14	11.73	2.48	26.80	-12.28	-13.26	198.16	282.39	-97.86	60.32	249.31	36.26
74	86.46	67.80	12.24	2.18	25.56	-13.46	-13.42	213.82	323.94	-97.90	57.22	243.40	37.04
75	87.18	64.28	12.73	1.90	24.35	-14.62	-13.58	228.16	363.40	-92.92	54.34	237.79	38.35
76	87.95	60.61	13.19	1.63	23.17	-15.77	-13.74	240.65	399.50	-81.94	51.58	232.54	40.44
77	88.75	56.80	13.58	1.38	22.02	-16.92	-13.91	250.96	431.10	-64.65	48.85	227.70	43.43
78	89.58	52.90	13.86	1.14	20.89	-18.05	-14.10	258.95	457.28	-41.50	46.17	223.25	47.28
79	90.42	48.93	14.02	0.91	19.79	-19.18	-14.30	264.68	477.34	-13.64	43.60	219.16	51.82
80	91.25	44.92	14.03	0.70	18.71	-20.30	-14.52	268.38	490.87	17.15	41.21	215.35	56.75
81	92.05	40.90	13.87	0.50	17.65	-21.42	-14.77	270.38	497.69	48.77	39.10	211.75	61.68
82	92.79	36.89	13.56	0.31	16.61	-22.53	-15.03	271.11	497.88	79.07	37.33	208.22	66.12
83	93.46	32.90	13.09	0.12	15.59	-23.63	-15.31	270.90	491.77	106.40	35.92	204.62	69.64
84	94.03	28.95	12.49	-0.06	14.59	-24.73	-15.61	269.85	480.00	129.74	34.81	200.77	72.08
85	94.50	25.05	11.77	-0.23	13.61	-25.82	-15.92	267.61	463.65	148.78	33.90	196.52	73.58
86	94.87	21.20	10.95	-0.40	12.66	-26.89	-16.23	263.37	444.11	163.44	33.03	191.70	74.45
87	95.13	17.42	10.05	-0.56	11.73	-27.94	-16.55	256.00	422.60	173.83	32.06	186.17	74.73
88	95.30	13.73	9.09	-0.72	10.84	-28.97	-16.88	244.25	399.55	180.45	30.84	179.85	74.02
89	95.41	10.18	8.09	-0.88	9.98	-29.96	-17.20	227.12	374.29	184.25	29.25	172.68	71.59
90	95.49	6.85	7.06	-1.02	9.16	-30.91	-17.50	204.55	345.32	186.21	27.16	164.66	66.62
91	95.56	3.86	6.01	-1.15	8.38	-31.81	-17.78	178.07	311.58	186.63	24.55	155.83	58.58
92	95.63	1.28	4.95	-1.27	7.65	-32.66	-18.02	150.40	273.39	185.11	21.44	146.28	47.27
93	95.72	-0.84	3.89	-1.37	6.96	-33.44	-18.19	124.65	232.54	181.03	17.94	136.11	32.82
94	95.81	-2.52	2.85	-1.45	6.33	-34.16	-18.30	103.06	191.57	174.22	14.20	125.45	15.75
95	95.90	-3.80	1.84	-1.52	5.75	-34.81	-18.32	86.49	152.70	165.41	10.42	114.40	-2.85
96	95.99	-4.74	0.89	-1.56	5.23	-35.38	-18.24	74.79	117.52	155.76	6.77	103.08	-21.71
97	96.08	-5.40	0.00	-1.58	4.75	-35.88	-18.09	67.39	86.94	146.17	3.43	91.59	-39.89
98	96.20	-5.83	-0.84	-1.59	4.34	-36.29	-17.85	63.71	61.30	136.83	0.54	80.01	-57.14
99	96.34	-6.09	-1.62	-1.59	3.98	-36.61	-17.53	63.03	40.59	127.37	-1.84	68.40	-73.41
100	96.51	-6.22	-2.35	-1.57	3.67	-36.86	-17.13	64.34	24.54	117.85	-3.67	56.83	-88.18
101	96.73	-6.26	-3.01	-1.55	3.42	-37.02	-16.67	66.55	12.69	109.11	-4.97	45.37	-100.65